#number_of_nodes
  116
#number_of_coordinate_dimensions
2
#nodes
   0.000000E+00   0.500000E+01   0.100000E+01
   0.500000E+01   0.000000E+00   0.100000E+01
   0.000000E+00   0.000000E+00   0.100000E+01
   0.500000E+01   0.500000E+01   0.100000E+01
   0.250000E+01   0.250000E+01   0.000000E+00
   0.000000E+00   0.250000E+01   0.100000E+01
   0.250000E+01   0.500000E+01   0.100000E+01
   0.125000E+01   0.250000E+01   0.000000E+00
   0.115883E+01   0.829421E+00   0.000000E+00
   0.625000E+00   0.250000E+01   0.000000E+00
   0.312500E+00   0.312500E+01   0.000000E+00
   0.250000E+01   0.000000E+00   0.100000E+01
   0.000000E+00   0.375000E+01   0.100000E+01
   0.120430E+01   0.428195E+01   0.000000E+00
   0.742188E+00   0.373047E+01   0.000000E+00
   0.365885E+00   0.354232E+01   0.000000E+00
   0.978131E+00   0.310782E+01   0.000000E+00
   0.639678E+00   0.289796E+01   0.000000E+00
   0.187500E+01   0.314427E+01   0.000000E+00
   0.124077E+01   0.356337E+01   0.000000E+00
   0.143384E+01   0.294694E+01   0.000000E+00
   0.187500E+01   0.250420E+01   0.000000E+00
   0.156885E+01   0.155615E+01   0.000000E+00
   0.218966E+01   0.282423E+01   0.000000E+00
   0.198932E+01   0.147822E+01   0.000000E+00
   0.251133E+01   0.345521E+01   0.000000E+00
   0.156533E+01   0.208074E+01   0.000000E+00
   0.108061E+01   0.204439E+01   0.000000E+00
   0.224232E+01   0.182298E+01   0.000000E+00
   0.218569E+01   0.223208E+01   0.000000E+00
   0.436695E+01   0.114672E+01   0.000000E+00
   0.500000E+01   0.125000E+01   0.100000E+01
   0.344081E+01   0.232975E+01   0.000000E+00
   0.125000E+01   0.000000E+00   0.100000E+01
   0.332324E+01   0.138091E+01   0.000000E+00
   0.500000E+01   0.250000E+01   0.100000E+01
   0.275907E+01   0.966320E+00   0.000000E+00
   0.296265E+01   0.237201E+01   0.000000E+00
   0.262907E+01   0.147209E+01   0.000000E+00
   0.206272E+01   0.105693E+01   0.000000E+00
   0.375000E+01   0.000000E+00   0.100000E+01
   0.303808E+01   0.189795E+01   0.000000E+00
   0.383819E+01   0.783655E+00   0.000000E+00
   0.000000E+00   0.125000E+01   0.100000E+01
   0.327114E+01   0.313617E+01   0.000000E+00
   0.356869E+01   0.183220E+01   0.000000E+00
   0.118780E+01   0.166333E+01   0.000000E+00
   0.000000E+00   0.187500E+01   0.100000E+01
   0.235181E+01   0.557616E+00   0.000000E+00
   0.187500E+01   0.000000E+00   0.100000E+01
   0.372865E+01   0.120983E+01   0.000000E+00
   0.329151E+01   0.832935E+00   0.000000E+00
   0.352999E+01   0.421549E+00   0.000000E+00
   0.312500E+01   0.000000E+00   0.100000E+01
   0.291875E+01   0.474342E+00   0.000000E+00
   0.157842E+01   0.107172E+01   0.000000E+00
   0.589422E+00   0.106729E+01   0.000000E+00
   0.658899E+00   0.207829E+01   0.000000E+00
   0.129976E+01   0.425191E+00   0.000000E+00
   0.625000E+00   0.000000E+00   0.100000E+01
   0.181464E+01   0.579954E+00   0.000000E+00
   0.100112E+01   0.125236E+01   0.000000E+00
   0.609166E+00   0.157382E+01   0.000000E+00
   0.264395E+00   0.218750E+01   0.000000E+00
   0.196410E+01   0.376851E+01   0.000000E+00
   0.165100E+01   0.349472E+01   0.000000E+00
   0.259060E+01   0.422823E+01   0.000000E+00
   0.437500E+01   0.000000E+00   0.100000E+01
   0.237939E+01   0.385931E+01   0.000000E+00
   0.125000E+01   0.500000E+01   0.100000E+01
   0.423633E+01   0.226901E+01   0.000000E+00
   0.406250E+01   0.361622E+00   0.000000E+00
   0.468750E+01   0.575583E+00   0.000000E+00
   0.500000E+01   0.187500E+01   0.100000E+01
   0.428681E+01   0.726221E+00   0.000000E+00
   0.467776E+01   0.218750E+01   0.000000E+00
   0.436226E+01   0.171492E+01   0.000000E+00
   0.398727E+01   0.192105E+01   0.000000E+00
   0.262079E+01   0.206648E+01   0.000000E+00
   0.275643E+01   0.297463E+01   0.000000E+00
   0.000000E+00   0.625000E+00   0.100000E+01
   0.702206E+00   0.536810E+00   0.000000E+00
   0.309700E+01   0.378572E+01   0.000000E+00
   0.293228E+01   0.339344E+01   0.000000E+00
   0.428573E+01   0.437639E+01   0.000000E+00
   0.375000E+01   0.500000E+01   0.100000E+01
   0.500000E+01   0.375000E+01   0.100000E+01
   0.312500E+01   0.500000E+01   0.100000E+01
   0.338355E+01   0.351443E+01   0.000000E+00
   0.395537E+01   0.292701E+01   0.000000E+00
   0.299214E+01   0.417674E+01   0.000000E+00
   0.352025E+01   0.405415E+01   0.000000E+00
   0.367068E+01   0.321946E+01   0.000000E+00
   0.430748E+01   0.355455E+01   0.000000E+00
   0.383892E+01   0.368627E+01   0.000000E+00
   0.000000E+00   0.437500E+01   0.100000E+01
   0.157995E+01   0.460334E+01   0.000000E+00
   0.335487E+01   0.454055E+01   0.000000E+00
   0.381449E+01   0.442551E+01   0.000000E+00
   0.281250E+01   0.464548E+01   0.000000E+00
   0.353337E+01   0.277028E+01   0.000000E+00
   0.500000E+01   0.312500E+01   0.100000E+01
   0.471435E+01   0.343750E+01   0.000000E+00
   0.451815E+01   0.281250E+01   0.000000E+00
   0.500000E+01   0.437500E+01   0.100000E+01
   0.437500E+01   0.500000E+01   0.100000E+01
   0.464225E+01   0.406250E+01   0.000000E+00
   0.464338E+01   0.464338E+01   0.000000E+00
   0.379574E+00   0.406250E+01   0.000000E+00
   0.164357E+01   0.411308E+01   0.000000E+00
   0.187500E+01   0.500000E+01   0.100000E+01
   0.208678E+01   0.441985E+01   0.000000E+00
   0.937500E+00   0.467488E+01   0.000000E+00
   0.769551E+00   0.425636E+01   0.000000E+00
   0.625000E+00   0.500000E+01   0.100000E+01
   0.424786E+00   0.457521E+01   0.000000E+00
