#number_of_mesh_dimensions
2
#number_of_mesh_components
1
#number_of_nodes
  116
#number_of_elements
  200
#number_of_bases
1

#mesh_component
1
#basis_order
1
#elements
          39          25          40
          16          15         109
          17          18           8
           8          21          17
          35          39          37
          62          47          63
          15          16          17
           6          11          13
          27          22           8
           9          82          59
          28          10          58
          26          19          24
          15          17          20
          13          11          16
          29          30          27
          14          15          20
          61          40          56
         110          66          65
          10          18           6
          17          16          11
         103          87         107
          96          13         109
          18          17          11
          19          21          22
           6          18          11
           8          18          10
          19          22          24
          69          67         112
          21          20          17
         110          97          14
          22          21           8
          21          19          66
          47          27          28
          30          24          22
          71          90         101
           5          24          30
          24           5          80
          39          35          42
          51          46          35
          14         114          15
          38          45          80
          19          26          65
          28          27           8
          23          25          27
          10          28           8
          57          62          63
          37          39          40
          46          42          35
          27          30          22
          42          79          39
         108         106          85
         109          13          16
          56          23          62
          43          72          75
          80          45          84
          52          35          37
          43          51          52
          53          55          54
          29          79          30
          41          72          53
          29          25          39
          25          23          56
          53          72          43
          33          46          78
           5          30          79
          25          56          40
          29          27          25
          31          51          43
          38          42          33
          37          40          49
          28          58          63
          50          49          61
          85          99          95
          79          38           5
          33         101          38
           9          57          82
          91          67          83
          77          32          74
          42          46          33
          27          47          23
          63          44          57
          82          81          60
          56           9          61
          37          49          55
          34          50          59
          12          49          50
          52          51          35
          68           2          73
          55          12          54
          43          52          53
          41          53          54
          31          77          51
          52          37          55
          53          52          55
          12          55          49
          62          23          47
           9          59          61
          83          84          89
          62          57           9
          64          10           6
          64          48          63
          50          61          59
          81          57          44
          82          60          34
          49          40          61
          56          62           9
          47          28          63
          64          63          58
          44          63          48
          10          64          58
           6          48          64
          69          65          26
           7         111         112
          21          66          20
          19          65          66
          84          83          26
          69          83          67
          75          73          31
          41          68          72
          83          69          26
          97         110         112
          20          66         110
          76          77          74
           2          32          73
          72          68          73
          32          31          73
          36          76          74
          51          77          78
          43          75          31
          72          73          75
          77          76          71
          78          77          71
          77          31          32
          33          78          71
          51          78          46
          39          79          29
          38          79          42
          24          80          26
          38          80           5
          59          82          34
          60          81           3
          81          82          57
          98         100          91
          80          84          26
          89          84          45
         107          87         105
          99          86          98
         104          71          76
          88         100          98
          99          98          92
          83          89          92
         100          88           7
          93          89          45
          94          95          93
          90          93         101
          99         106          86
          92          91          83
          98          91          92
          89          95          92
          90          94          93
         101          93          45
         105         108         107
          94         104         103
          93          95          89
          36         104          76
         113         115         116
         109         114         116
          70          97         111
          14         113         114
          86          88          98
          95          99          92
          99          85         106
          65         112         110
          91         100          67
          38         101          45
          71         101          33
          87         103         102
         102         103         104
         104          94          90
          71         104          90
          36         102         104
          85          94         107
          94          85          95
         106         108           4
         103         107          94
         107         108          85
           4         108         105
          70         115         113
         110          14          20
         112          65          69
         112         100           7
         112          67         100
         111          97         112
          96         116           1
          96         109         116
          15         114         109
          97         113          14
         113          97          70
         113         116         114
           1         116         115
